45 "WindSpeed [m/s]" "Pitch [deg]" "Rot. speed [rpm]" "Aero power [kW]" "Aero thrust [kN]" "CT [-]"
 3.0     4.0741     4.9383     188.4000        604.7521    0.8159
 3.5     3.9506     4.9528     340.8000        659.6051    0.8005
 4.0     3.5929     4.9672     696.3714        744.9320    0.8077
 4.5     3.2241     4.9788    1016.0920        842.4484    0.8210
 5.0     2.7189     5.0053    1431.2000        930.8227    0.8230
 5.5     1.9213     4.9788    2040.7000       1077.0974    0.8323
 6.0     1.1613     4.9788    2690.8000       1205.0878    0.8343
 6.5     0.4390     4.9788    3483.2000       1336.1255    0.8292
 7.0     0.0031     5.0053    4377.1000       1461.0685    0.8067
 7.5     0.0203     5.3510    5392.8000       1613.4379    0.8046
 8.0     0.0375     5.6966    6469.6000       1774.9495    0.8046
 8.5     0.0547     6.0422    7769.8000       1951.6981    0.8036
 9.0     0.0719     6.3878    9212.2000       2146.7310    0.8036
 9.5     0.0891     6.7600   10878.1000       2341.7639    0.8026
10.0     0.1063     7.0791   12665.9000       2533.7495    0.8016
10.5     0.1235     7.4513   14656.9000       2768.3984    0.8016
11.0     3.2772     7.5310   14921.0000       2375.2852    0.6113
11.5     4.9522     7.5310   14921.0000       2180.2523    0.5039
12.0     6.2096     7.5310   14921.0000       2043.1198    0.4262
12.5     7.4074     7.5310   14921.0000       1939.5086    0.3669
13.0     8.4362     7.5310   14921.0000       1854.1817    0.3198
13.5     9.2060     7.5310   14921.0000       1781.0443    0.2809
14.0    10.0567     7.5310   14921.0000       1714.0018    0.2492
14.5    10.8543     7.5310   14921.0000       1659.1487    0.2216
15.0    11.5987     7.5576   14921.0000       1598.2010    0.2073
15.5    12.2900     7.5310   14921.0000       1567.7271    0.1807
16.0    12.9812     7.5310   14921.0000       1528.1110    0.1633
16.5    13.6193     7.5310   14921.0000       1491.5423    0.1490
17.0    14.3105     7.5310   14921.0000       1454.9737    0.1347
17.5    14.8954     7.5310   14880.4000       1421.4524    0.1234
18.0    15.5335     7.5310   14880.4000       1390.9785    0.1132
18.5    16.1184     7.5310   14880.4000       1366.5994    0.1040
19.0    16.7033     7.5310   14880.4000       1342.2203    0.0968
19.5    17.2350     7.5310   14880.4000       1323.9359    0.0907
20.0    17.7933     7.5576   14880.4000       1308.6990    0.0815
20.5    18.3251     7.5310   14880.4000       1281.2725    0.0795
21.0    18.8834     7.5310   14880.4000       1262.9882    0.0733
21.5    19.4151     7.5310   14880.4000       1247.7512    0.0692
22.0    19.8882     7.5310   14880.4000       1232.5143    0.0651
22.5    20.3925     7.5310   14880.4000       1214.2299    0.0610
23.0    20.8969     7.5310   14900.7000       1202.0404    0.0600
23.5    21.4539     7.5310   14900.7000       1189.8508    0.0600
24.0    22.0091     7.5310   14900.7000       1177.6613    0.0600
24.5    22.5332     7.5310   14900.7000       1165.4717    0.0600
25.0    22.9630     7.5310   14900.7000       1156.3295    0.0600