45 "WindSpeed [m/s]" "Pitch [deg]" "Rot. speed [rpm]" "Aero power [kW]" "Aero thrust [kN]" "CT [-]"
 3.0     0.5806     1.8466     525.9348     272229.2100    0.7813
 3.5     0.4593     2.1544     882.8363     390943.0200    0.8502
 4.0     0.3380     2.4622    1239.7378     509656.8300    0.8570
 4.5     0.1736     2.7699    1834.5731     657170.6900    0.8570
 5.0     0.0091     3.0777    2429.4084     804684.5500    0.8570
 5.5    -0.1644     3.3855    3316.4845     984103.9750    0.8570
 6.0    -0.3380     3.6932    4203.5605    1163523.4000    0.8570
 6.5    -0.4884     4.0010    5431.3154    1367391.3000    0.8570
 7.0    -0.6388     4.3088    6659.0702    1571259.2000    0.8570
 7.5    -0.8094     4.6166    8274.6923    1797788.8000    0.8570
 8.0    -0.9800     4.9243    9890.3144    2024318.4000    0.8570
 8.5    -1.1534     5.2321   11932.9996    2267661.5000    0.8570
 9.0    -1.3268     5.5399   13975.6849    2511004.6000    0.8570
 9.5    -0.2974     5.8476   16129.0490    2566055.1000    0.8332
10.0     0.7319     6.1554   18282.4132    2621105.6000    0.7628
10.5     1.5803     6.4632   20170.8604    2679693.0500    0.7113
11.0     2.4286     6.7709   22059.3076    2738280.5000    0.6479
11.5     3.7616     6.9160   22590.7043    2607367.5000    0.5458
12.0     5.0947     7.0611   23122.1010    2476454.5000    0.4560
12.5     6.1803     7.0611   23121.8770    2332036.5500    0.3908
13.0     7.2659     7.0611   23121.6529    2187618.6000    0.3396
13.5     8.1400     7.0611   23122.1979    2086392.8000    0.2977
14.0     9.0141     7.0611   23122.7428    1985167.0000    0.2642
14.5     9.7757     7.0611   23123.6590    1907634.9500    0.2359
15.0    10.5373     7.0611   23124.5752    1830102.9000    0.2114
15.5    11.2277     7.0611   23125.0407    1767940.1000    0.1899
16.0    11.9182     7.0611   23125.5061    1705777.3000    0.1723
16.5    12.5613     7.0611   23126.4766    1654041.2000    0.1566
17.0    13.2045     7.0611   23127.4471    1602305.1000    0.1425
17.5    13.8130     7.0611   23128.2276    1558451.8000    0.1305
18.0    14.4215     7.0611   23129.0081    1514598.5000    0.1198
18.5    15.0031     7.0611   23130.4167    1476873.7500    0.1100
19.0    15.5847     7.0611   23131.8253    1439149.0000    0.1017
19.5    16.1445     7.0611   23132.8835    1406487.6000    0.0940
20.0    16.7042     7.0611   23133.9416    1373826.2000    0.0870
20.5    17.2464     7.0611   23134.0984    1345148.4500    0.0810
21.0    17.7886     7.0611   23134.2551    1316470.7000    0.0754
21.5    18.3159     7.0611   23135.6342    1291122.3000    0.0704
22.0    18.8431     7.0611   23137.0132    1265773.9000    0.0658
22.5    19.3576     7.0611   23138.0806    1243244.7500    0.0615
23.0    19.8721     7.0611   23139.1480    1220715.6000    0.0578
23.5    20.3753     7.0611   23140.3474    1200527.0000    0.0543
24.0    20.8785     7.0611   23141.5467    1180338.4000    0.0511
24.5    21.3716     7.0611   23143.6867    1162348.4500    0.0482
25.0    21.8647     7.0611   23145.8266    1144358.5000    0.0454