181 "Cl" "Cd" "Cm" (Re=1x10^7)
-180.0   -0.002985   0.037123   0.0
-178.0    0.062436   0.037662   0.0
-176.0    0.125618   0.039067   0.0
-174.0    0.188426   0.041345   0.0
-172.0    0.251236   0.044489   0.0
-170.0    0.314047   0.048484   0.0
-168.0    0.376858   0.053973   0.0
-166.0    0.439662   0.063907   0.0
-164.0    0.502470   0.086508   0.0
-162.0    0.565284   0.112197   0.0
-160.0    0.628085   0.140386   0.0
-158.0    0.690894   0.170955   0.0
-156.0    0.753708   0.203763   0.0
-154.0    0.816518   0.238656   0.0
-152.0    0.879323   0.275477   0.0
-150.0    0.942132   0.314064   0.0
-148.0    1.004941   0.354242   0.0
-146.0    0.963444   0.396571   0.0
-144.0    0.921947   0.438900   0.0
-142.0    0.885398   0.483105   0.0
-140.0    0.849229   0.527453   0.0
-138.0    0.815415   0.572742   0.0
-136.0    0.781993   0.618189   0.0
-134.0    0.749445   0.663755   0.0
-132.0    0.717135   0.709355   0.0
-130.0    0.684888   0.754388   0.0
-128.0    0.652666   0.799195   0.0
-126.0    0.620115   0.842894   0.0
-124.0    0.587380   0.885977   0.0
-122.0    0.554186   0.927565   0.0
-120.0    0.520645   0.968031   0.0
-118.0    0.486672   1.006769   0.0
-116.0    0.452267   1.043779   0.0
-114.0    0.417545   1.078980   0.0
-112.0    0.382399   1.111768   0.0
-110.0    0.347086   1.142806   0.0
-108.0    0.311471   1.170694   0.0
-106.0    0.275833   1.197017   0.0
-104.0    0.240138   1.219429   0.0
-102.0    0.204530   1.240568   0.0
-100.0    0.169237   1.257043   0.0
 -98.0    0.134082   1.272621   0.0
 -96.0    0.099749   1.282822   0.0
 -94.0    0.065527   1.292559   0.0
 -92.0    0.032764   1.296280   0.0
 -90.0    0.000000   1.300000   0.0
 -88.0   -0.032764   1.296280   0.0
 -86.0   -0.065527   1.292559   0.0
 -84.0   -0.099749   1.282822   0.0
 -82.0   -0.134082   1.272621   0.0
 -80.0   -0.169237   1.257043   0.0
 -78.0   -0.204530   1.240568   0.0
 -76.0   -0.240138   1.219429   0.0
 -74.0   -0.275833   1.197017   0.0
 -72.0   -0.311471   1.170694   0.0
 -70.0   -0.347086   1.142806   0.0
 -68.0   -0.382399   1.111768   0.0
 -66.0   -0.417545   1.078980   0.0
 -64.0   -0.452267   1.043779   0.0
 -62.0   -0.486672   1.006769   0.0
 -60.0   -0.520645   0.968031   0.0
 -58.0   -0.554186   0.927565   0.0
 -56.0   -0.587380   0.885977   0.0
 -54.0   -0.620115   0.842894   0.0
 -52.0   -0.652666   0.799195   0.0
 -50.0   -0.684888   0.754388   0.0
 -48.0   -0.717135   0.709355   0.0
 -46.0   -0.749445   0.663755   0.0
 -44.0   -0.781993   0.618189   0.0
 -42.0   -0.815415   0.572742   0.0
 -40.0   -0.849229   0.527453   0.0
 -38.0   -0.885398   0.483105   0.0
 -36.0   -0.921947   0.438900   0.0
 -34.0   -0.963444   0.396571   0.0
 -32.0   -1.004941   0.354242   0.0
 -30.0   -1.059000   0.279589   0.0
 -28.0   -1.113059   0.204936   0.0
 -26.0   -1.083654   0.179640   0.0
 -24.0   -1.054248   0.154343   0.0
 -22.0   -1.018361   0.132008   0.0
 -20.0   -0.982473   0.109672   0.0
 -18.0   -0.941726   0.092489   0.0
 -16.0   -0.893331   0.075974   0.0
 -14.0   -0.854715   0.060541   0.0
 -12.0   -0.823480   0.046412   0.0
 -10.0   -0.795409   0.034410   0.0
  -8.0   -0.636498   0.025482   0.0
  -6.0   -0.390949   0.019940   0.0
  -4.0   -0.130708   0.016534   0.0
  -2.0    0.161726   0.015070   0.0
   0.0    0.459562   0.014649   0.0
   2.0    0.748677   0.014813   0.0
   4.0    1.025442   0.015440   0.0
   6.0    1.288220   0.016541   0.0
   8.0    1.530900   0.018310   0.0
  10.0    1.739260   0.021499   0.0
  12.0    1.870650   0.029662   0.0
  14.0    1.879100   0.048244   0.0
  16.0    1.863590   0.069924   0.0
  18.0    1.733240   0.101659   0.0
  20.0    1.593570   0.139159   0.0
  22.0    1.530325   0.174592   0.0
  24.0    1.467080   0.210024   0.0
  26.0    1.457710   0.246014   0.0
  28.0    1.448340   0.282003   0.0
  30.0    1.441985   0.318122   0.0
  32.0    1.435630   0.354242   0.0
  34.0    1.376349   0.396571   0.0
  36.0    1.317068   0.438900   0.0
  38.0    1.264854   0.483105   0.0
  40.0    1.213185   0.527453   0.0
  42.0    1.164879   0.572742   0.0
  44.0    1.117133   0.618189   0.0
  46.0    1.070636   0.663755   0.0
  48.0    1.024478   0.709355   0.0
  50.0    0.978411   0.754388   0.0
  52.0    0.932380   0.799195   0.0
  54.0    0.885878   0.842894   0.0
  56.0    0.839115   0.885977   0.0
  58.0    0.791694   0.927565   0.0
  60.0    0.743779   0.968031   0.0
  62.0    0.695246   1.006769   0.0
  64.0    0.646096   1.043779   0.0
  66.0    0.596492   1.078980   0.0
  68.0    0.546284   1.111768   0.0
  70.0    0.495837   1.142806   0.0
  72.0    0.444958   1.170694   0.0
  74.0    0.394047   1.197017   0.0
  76.0    0.343055   1.219429   0.0
  78.0    0.292185   1.240568   0.0
  80.0    0.241768   1.257043   0.0
  82.0    0.191546   1.272621   0.0
  84.0    0.142498   1.282822   0.0
  86.0    0.093611   1.292559   0.0
  88.0    0.046805   1.296280   0.0
  90.0    0.000000   1.300000   0.0
  92.0   -0.032764   1.296280   0.0
  94.0   -0.065527   1.292559   0.0
  96.0   -0.099749   1.282822   0.0
  98.0   -0.134082   1.272621   0.0
 100.0   -0.169237   1.257043   0.0
 102.0   -0.204530   1.240568   0.0
 104.0   -0.240138   1.219429   0.0
 106.0   -0.275833   1.197017   0.0
 108.0   -0.311471   1.170694   0.0
 110.0   -0.347086   1.142806   0.0
 112.0   -0.382399   1.111768   0.0
 114.0   -0.417545   1.078980   0.0
 116.0   -0.452267   1.043779   0.0
 118.0   -0.486672   1.006769   0.0
 120.0   -0.520645   0.968031   0.0
 122.0   -0.554186   0.927565   0.0
 124.0   -0.587380   0.885977   0.0
 126.0   -0.620115   0.842894   0.0
 128.0   -0.652666   0.799195   0.0
 130.0   -0.684888   0.754388   0.0
 132.0   -0.717135   0.709355   0.0
 134.0   -0.749445   0.663755   0.0
 136.0   -0.781993   0.618189   0.0
 138.0   -0.815415   0.572742   0.0
 140.0   -0.849229   0.527453   0.0
 142.0   -0.885398   0.483105   0.0
 144.0   -0.921947   0.438900   0.0
 146.0   -0.963444   0.396571   0.0
 148.0   -1.004941   0.354242   0.0
 150.0   -0.942132   0.314064   0.0
 152.0   -0.879323   0.275477   0.0
 154.0   -0.816515   0.238654   0.0
 156.0   -0.753706   0.203761   0.0
 158.0   -0.690897   0.170956   0.0
 160.0   -0.628088   0.140388   0.0
 162.0   -0.565279   0.112195   0.0
 164.0   -0.502470   0.086508   0.0
 166.0   -0.439662   0.063907   0.0
 168.0   -0.376853   0.053972   0.0
 170.0   -0.314044   0.048484   0.0
 172.0   -0.251235   0.044489   0.0
 174.0   -0.188426   0.041345   0.0
 176.0   -0.125618   0.039067   0.0
 178.0   -0.062436   0.037662   0.0
 180.0    0.002985   0.037123   0.0