43 "WindSpeed [m/s]" "Pitch [deg]" "Rot. speed [rpm]" "Aero power [kW]" "Aero thrust [kN]" "CT [-]"
 4.0     2.5890     6.0000     505.2524        283.0404    0.9262
 4.5     1.9720     6.0000     750.3103        359.6309    0.9248
 5.0     1.3550     6.0000    1079.6068        439.2055    0.9220
 5.5     0.6775     6.0615    1523.7743        526.7376    0.9136
 6.0     0.0000     6.1230    1990.9160        618.2484    0.9065
 6.5     0.0000     6.6335    2565.2704        726.6688    0.9009
 7.0     0.0000     7.1440    3147.2830        836.0838    0.8967
 7.5     0.0000     7.6545    3943.7212        956.4404    0.8911
 8.0     0.0000     8.1650    4717.1852       1077.7917    0.8862
 8.5     0.0000     8.4245    5712.7330       1186.2121    0.8623
 9.0     0.0000     8.6840    6731.2549       1289.6591    0.8391
 9.5     0.0000     8.6840    7872.3058       1367.2443    0.8004
10.0     0.0000     8.6840    9036.3309       1446.8189    0.7646
10.5     0.0000     8.6840   10269.2785       1517.4414    0.7245
11.0     2.6330     8.6840   10613.8912       1353.3187    0.5924
11.5     4.5370     8.6840   10629.2073       1228.9834    0.4905
12.0     5.9750     8.6840   10629.2073       1141.4514    0.4167
12.5     7.1125     8.6840   10629.2073       1078.7864    0.3661
13.0     8.2500     8.6840   10629.2073       1018.1107    0.3162
13.5     9.1855     8.6840   10629.2073        975.3394    0.2825
14.0    10.1210     8.6840   10629.2073        931.5734    0.2488
14.5    10.9460     8.6840   10629.2073        897.7541    0.2242
15.0    11.7710     8.6840   10629.2073        862.9403    0.2017
15.5    12.5255     8.6840   10629.2073        835.0891    0.1834
16.0    13.2800     8.6840   10629.2073        807.2380    0.1652
16.5    13.9645     8.6840   10629.2073        786.3497    0.1518
17.0    14.6490     8.6840   10629.2073        765.4614    0.1392
17.5    15.3335     8.6840   10629.2073        743.5784    0.1279
18.0    16.0180     8.6840   10629.2073        721.6953    0.1153
18.5    16.6418     8.6840   10629.2073        705.7804    0.1082
19.0    17.2655     8.6840   10629.2073        689.8655    0.0998
19.5    17.8893     8.6840   10629.2073        674.9453    0.0928
20.0    18.5130     8.6840   10629.2073        660.0250    0.0850
20.5    19.0727     8.6840   10629.2073        650.0782    0.0815
21.0    19.6324     8.6840   10629.2073        640.1314    0.0773
21.5    20.1921     8.6840   10629.2073        630.1845    0.0731
22.0    20.7518     8.6840   10613.8912        621.2324    0.0689
22.5    21.3115     8.6840   10613.8912        612.2803    0.0654
23.0    21.8712     8.6840   10613.8912        601.3388    0.0619
23.5    22.4309     8.6840   10613.8912        592.3866    0.0576
24.0    22.9906     8.6840   10613.8912        582.4398    0.0534
24.5    23.5503     8.6840   10613.8912        572.4930    0.0492
25.0    24.1100     8.6840   10613.8912        566.1632    0.0475