181 "Cl" "Cd" "Cm" (Re=1x10^7)
-180.0	0.001567	0.190640	0.0
-178.0	0.052722	0.190640	0.0
-176.0	0.105664	0.190640	0.0
-174.0	0.158872	0.190640	0.0
-172.0	0.212042	0.190640	0.0
-170.0	0.266356	0.190903	0.0
-168.0	0.324539	0.192267	0.0
-166.0	0.388240	0.195828	0.0
-164.0	0.450290	0.201290	0.0
-162.0	0.499118	0.208321	0.0
-160.0	0.527790	0.216386	0.0
-158.0	0.545963	0.229099	0.0
-156.0	0.559609	0.247050	0.0
-154.0	0.570322	0.268862	0.0
-152.0	0.577386	0.292356	0.0
-150.0	0.579373	0.315688	0.0
-148.0	0.572002	0.338369	0.0
-146.0	0.546875	0.362875	0.0
-144.0	0.521748	0.387381	0.0
-142.0	0.495432	0.412757	0.0
-140.0	0.469024	0.438199	0.0
-138.0	0.449294	0.464307	0.0
-136.0	0.430677	0.490525	0.0
-134.0	0.412913	0.517005	0.0
-132.0	0.395383	0.543557	0.0
-130.0	0.377554	0.569601	0.0
-128.0	0.359607	0.595443	0.0
-126.0	0.341639	0.621014	0.0
-124.0	0.323659	0.646434	0.0
-122.0	0.305426	0.670793	0.0
-120.0	0.287003	0.694354	0.0
-118.0	0.268277	0.717216	0.0
-116.0	0.249247	0.739377	0.0
-114.0	0.230083	0.760490	0.0
-112.0	0.210741	0.780204	0.0
-110.0	0.191307	0.798907	0.0
-108.0	0.171708	0.815791	0.0
-106.0	0.152060	0.832006	0.0
-104.0	0.132291	0.846547	0.0
-102.0	0.112641	0.860099	0.0
-100.0	0.093428	0.870026	0.0
-98.0	0.074301	0.879675	0.0
-96.0	0.055684	0.887665	0.0
-94.0	0.037075	0.895336	0.0
-92.0	0.018556	0.898878	0.0
-90.0	0.000038	0.902420	0.0
-88.0	-0.018480	0.898878	0.0
-86.0	-0.036997	0.895336	0.0
-84.0	-0.055605	0.887664	0.0
-82.0	-0.074220	0.879676	0.0
-80.0	-0.093347	0.870026	0.0
-78.0	-0.112560	0.860100	0.0
-76.0	-0.132211	0.846548	0.0
-74.0	-0.151982	0.832007	0.0
-72.0	-0.171628	0.815793	0.0
-70.0	-0.191224	0.798908	0.0
-68.0	-0.210649	0.780204	0.0
-66.0	-0.229978	0.760489	0.0
-64.0	-0.249129	0.739375	0.0
-62.0	-0.268148	0.717212	0.0
-60.0	-0.286871	0.694350	0.0
-58.0	-0.305298	0.670789	0.0
-56.0	-0.323540	0.646432	0.0
-54.0	-0.341535	0.621013	0.0
-52.0	-0.359515	0.595444	0.0
-50.0	-0.377470	0.569603	0.0
-48.0	-0.395304	0.543559	0.0
-46.0	-0.412835	0.517007	0.0
-44.0	-0.430598	0.490527	0.0
-42.0	-0.449214	0.464309	0.0
-40.0	-0.468596	0.438145	0.0
-38.0	-0.492576	0.412305	0.0
-36.0	-0.516569	0.386549	0.0
-34.0	-0.540724	0.361884	0.0
-32.0	-0.564879	0.337218	0.0
-30.0	-0.578054	0.316638	0.0
-28.0	-0.591230	0.296057	0.0
-26.0	-0.600256	0.278320	0.0
-24.0	-0.609282	0.260582	0.0
-22.0	-0.613051	0.245260	0.0
-20.0	-0.616820	0.229938	0.0
-18.0	-0.588860	0.221600	0.0
-16.0	-0.564260	0.213741	0.0
-14.0	-0.535517	0.206599	0.0
-12.0	-0.496219	0.200780	0.0
-10.0	-0.460402	0.195500	0.0
-8.0	-0.343025	0.192500	0.0
-6.0	-0.188599	0.191120	0.0
-4.0	-0.031713	0.190400	0.0
-2.0	0.111234	0.190280	0.0
0.0	0.248140	0.190280	0.0
2.0	0.394153	0.190520	0.0
4.0	0.535568	0.190821	0.0
6.0	0.672767	0.191321	0.0
8.0	0.802367	0.191916	0.0
10.0	0.915150	0.192802	0.0
12.0	0.982916	0.194503	0.0
14.0	1.034705	0.198109	0.0
16.0	1.062344	0.204847	0.0
18.0	1.041166	0.216943	0.0
20.0	1.001023	0.231685	0.0
22.0	0.975960	0.245388	0.0
24.0	0.950898	0.259092	0.0
26.0	0.908069	0.279177	0.0
28.0	0.865240	0.299262	0.0
30.0	0.828054	0.322077	0.0
32.0	0.790869	0.344893	0.0
34.0	0.759513	0.368841	0.0
36.0	0.728157	0.392789	0.0
38.0	0.697371	0.417008	0.0
40.0	0.666628	0.441249	0.0
42.0	0.640572	0.466774	0.0
44.0	0.615297	0.492515	0.0
46.0	0.590030	0.518225	0.0
48.0	0.564765	0.543927	0.0
50.0	0.539367	0.569621	0.0
52.0	0.513915	0.595311	0.0
54.0	0.488272	0.620858	0.0
56.0	0.462523	0.646324	0.0
58.0	0.436416	0.670725	0.0
60.0	0.410040	0.694329	0.0
62.0	0.383258	0.717212	0.0
64.0	0.356071	0.739375	0.0
66.0	0.328692	0.760489	0.0
68.0	0.301058	0.780204	0.0
70.0	0.273295	0.798908	0.0
72.0	0.245297	0.815793	0.0
74.0	0.217230	0.832007	0.0
76.0	0.188991	0.846548	0.0
78.0	0.160862	0.860100	0.0
80.0	0.133138	0.870026	0.0
82.0	0.105385	0.879676	0.0
84.0	0.077450	0.887664	0.0
86.0	0.049736	0.895336	0.0
88.0	0.024889	0.898878	0.0
90.0	0.000042	0.902420	0.0
92.0	-0.019605	0.898878	0.0
94.0	-0.039253	0.895336	0.0
96.0	-0.057074	0.887665	0.0
98.0	-0.074755	0.879675	0.0
100.0	-0.093583	0.870026	0.0
102.0	-0.112603	0.860099	0.0
104.0	-0.132213	0.846547	0.0
106.0	-0.151984	0.832006	0.0
108.0	-0.171630	0.815791	0.0
110.0	-0.191226	0.798907	0.0
112.0	-0.210649	0.780204	0.0
114.0	-0.229977	0.760490	0.0
116.0	-0.249127	0.739377	0.0
118.0	-0.268145	0.717216	0.0
120.0	-0.286867	0.694354	0.0
122.0	-0.305295	0.670793	0.0
124.0	-0.323538	0.646434	0.0
126.0	-0.341534	0.621014	0.0
128.0	-0.359515	0.595443	0.0
130.0	-0.377471	0.569601	0.0
132.0	-0.395306	0.543557	0.0
134.0	-0.412837	0.517005	0.0
136.0	-0.430600	0.490525	0.0
138.0	-0.449216	0.464307	0.0
140.0	-0.468944	0.438199	0.0
142.0	-0.495352	0.412757	0.0
144.0	-0.521668	0.387381	0.0
146.0	-0.546795	0.362875	0.0
148.0	-0.571922	0.338369	0.0
150.0	-0.579293	0.315688	0.0
152.0	-0.577307	0.292356	0.0
154.0	-0.570242	0.268862	0.0
156.0	-0.559529	0.247050	0.0
158.0	-0.545883	0.229099	0.0
160.0	-0.527710	0.216386	0.0
162.0	-0.499030	0.208321	0.0
164.0	-0.450188	0.201290	0.0
166.0	-0.388121	0.195828	0.0
168.0	-0.324406	0.192267	0.0
170.0	-0.266218	0.190903	0.0
172.0	-0.211905	0.190640	0.0
174.0	-0.158742	0.190640	0.0
176.0	-0.105546	0.190640	0.0
178.0	-0.052621	0.190640	0.0
180.0	-0.001486	0.190640	0.0