181 "Cl" "Cd" "Cm" (Re=1x10^7)
-180.0	0.000589	0.296880	0.0
-178.0	0.017641	0.296880	0.0
-176.0	0.035288	0.296880	0.0
-174.0	0.053024	0.296880	0.0
-172.0	0.070747	0.296880	0.0
-170.0	0.088852	0.296968	0.0
-168.0	0.108246	0.297422	0.0
-166.0	0.129480	0.298609	0.0
-164.0	0.150163	0.300430	0.0
-162.0	0.166439	0.302774	0.0
-160.0	0.175997	0.305462	0.0
-158.0	0.182054	0.309700	0.0
-156.0	0.186603	0.315683	0.0
-154.0	0.190174	0.322954	0.0
-152.0	0.192529	0.330785	0.0
-150.0	0.193191	0.338563	0.0
-148.0	0.190734	0.346123	0.0
-146.0	0.182358	0.354292	0.0
-144.0	0.173983	0.362460	0.0
-142.0	0.165211	0.370919	0.0
-140.0	0.156408	0.379400	0.0
-138.0	0.149831	0.388102	0.0
-136.0	0.143626	0.396842	0.0
-134.0	0.137704	0.405668	0.0
-132.0	0.131861	0.414519	0.0
-130.0	0.125918	0.423200	0.0
-128.0	0.119936	0.431814	0.0
-126.0	0.113946	0.440338	0.0
-124.0	0.107953	0.448811	0.0
-122.0	0.101875	0.456931	0.0
-120.0	0.095734	0.464785	0.0
-118.0	0.089492	0.472405	0.0
-116.0	0.083149	0.479792	0.0
-114.0	0.076761	0.486830	0.0
-112.0	0.070314	0.493401	0.0
-110.0	0.063836	0.499636	0.0
-108.0	0.057303	0.505264	0.0
-106.0	0.050753	0.510669	0.0
-104.0	0.044164	0.515516	0.0
-102.0	0.037614	0.520033	0.0
-100.0	0.031209	0.523342	0.0
-98.0	0.024834	0.526558	0.0
-96.0	0.018628	0.529222	0.0
-94.0	0.012425	0.531779	0.0
-92.0	0.006252	0.532959	0.0
-90.0	0.000079	0.534140	0.0
-88.0	-0.006093	0.532959	0.0
-86.0	-0.012266	0.531779	0.0
-84.0	-0.018468	0.529221	0.0
-82.0	-0.024673	0.526559	0.0
-80.0	-0.031049	0.523342	0.0
-78.0	-0.037453	0.520033	0.0
-76.0	-0.044004	0.515516	0.0
-74.0	-0.050594	0.510669	0.0
-72.0	-0.057143	0.505264	0.0
-70.0	-0.063675	0.499636	0.0
-68.0	-0.070150	0.493401	0.0
-66.0	-0.076593	0.486830	0.0
-64.0	-0.082976	0.479792	0.0
-62.0	-0.089316	0.472404	0.0
-60.0	-0.095557	0.464783	0.0
-58.0	-0.101699	0.456930	0.0
-56.0	-0.107780	0.448811	0.0
-54.0	-0.113778	0.440338	0.0
-52.0	-0.119772	0.431815	0.0
-50.0	-0.125757	0.423201	0.0
-48.0	-0.131701	0.414520	0.0
-46.0	-0.137545	0.405669	0.0
-44.0	-0.143466	0.396842	0.0
-42.0	-0.149671	0.388103	0.0
-40.0	-0.156132	0.379382	0.0
-38.0	-0.164125	0.370768	0.0
-36.0	-0.172123	0.362183	0.0
-34.0	-0.180175	0.353961	0.0
-32.0	-0.188226	0.345739	0.0
-30.0	-0.192618	0.338879	0.0
-28.0	-0.197010	0.332019	0.0
-26.0	-0.200019	0.326107	0.0
-24.0	-0.203027	0.320194	0.0
-22.0	-0.204284	0.315087	0.0
-20.0	-0.205540	0.309979	0.0
-18.0	-0.196220	0.307200	0.0
-16.0	-0.188020	0.304580	0.0
-14.0	-0.178439	0.302200	0.0
-12.0	-0.165340	0.300260	0.0
-10.0	-0.153401	0.298500	0.0
-8.0	-0.114275	0.297500	0.0
-6.0	-0.062800	0.297040	0.0
-4.0	-0.010504	0.296800	0.0
-2.0	0.037145	0.296760	0.0
0.0	0.082780	0.296760	0.0
2.0	0.131451	0.296840	0.0
4.0	0.178589	0.296940	0.0
6.0	0.224322	0.297107	0.0
8.0	0.267522	0.297305	0.0
10.0	0.305117	0.297601	0.0
12.0	0.327705	0.298168	0.0
14.0	0.344968	0.299370	0.0
16.0	0.354181	0.301616	0.0
18.0	0.347122	0.305648	0.0
20.0	0.333741	0.310562	0.0
22.0	0.325387	0.315129	0.0
24.0	0.317033	0.319697	0.0
26.0	0.302756	0.326392	0.0
28.0	0.288480	0.333087	0.0
30.0	0.276085	0.340692	0.0
32.0	0.263690	0.348298	0.0
34.0	0.253238	0.356280	0.0
36.0	0.242786	0.364263	0.0
38.0	0.232524	0.372336	0.0
40.0	0.222276	0.380416	0.0
42.0	0.213591	0.388925	0.0
44.0	0.205166	0.397505	0.0
46.0	0.196743	0.406075	0.0
48.0	0.188322	0.414642	0.0
50.0	0.179856	0.423207	0.0
52.0	0.171372	0.431770	0.0
54.0	0.162824	0.440286	0.0
56.0	0.154241	0.448775	0.0
58.0	0.145539	0.456908	0.0
60.0	0.136747	0.464776	0.0
62.0	0.127819	0.472404	0.0
64.0	0.118757	0.479792	0.0
66.0	0.109631	0.486830	0.0
68.0	0.100419	0.493401	0.0
70.0	0.091165	0.499636	0.0
72.0	0.081832	0.505264	0.0
74.0	0.072477	0.510669	0.0
76.0	0.063064	0.515516	0.0
78.0	0.053687	0.520033	0.0
80.0	0.044446	0.523342	0.0
82.0	0.035195	0.526559	0.0
84.0	0.025883	0.529221	0.0
86.0	0.016645	0.531779	0.0
88.0	0.008363	0.532959	0.0
90.0	0.000081	0.534140	0.0
92.0	-0.006468	0.532959	0.0
94.0	-0.013018	0.531779	0.0
96.0	-0.018958	0.529222	0.0
98.0	-0.024852	0.526558	0.0
100.0	-0.031128	0.523342	0.0
102.0	-0.037468	0.520033	0.0
104.0	-0.044004	0.515516	0.0
106.0	-0.050595	0.510669	0.0
108.0	-0.057143	0.505264	0.0
110.0	-0.063675	0.499636	0.0
112.0	-0.070150	0.493401	0.0
114.0	-0.076592	0.486830	0.0
116.0	-0.082976	0.479792	0.0
118.0	-0.089315	0.472405	0.0
120.0	-0.095556	0.464785	0.0
122.0	-0.101698	0.456931	0.0
124.0	-0.107779	0.448811	0.0
126.0	-0.113778	0.440338	0.0
128.0	-0.119772	0.431814	0.0
130.0	-0.125757	0.423200	0.0
132.0	-0.131702	0.414519	0.0
134.0	-0.137546	0.405668	0.0
136.0	-0.143467	0.396842	0.0
138.0	-0.149672	0.388102	0.0
140.0	-0.156248	0.379400	0.0
142.0	-0.165051	0.370919	0.0
144.0	-0.173823	0.362460	0.0
146.0	-0.182198	0.354292	0.0
148.0	-0.190574	0.346123	0.0
150.0	-0.193031	0.338563	0.0
152.0	-0.192369	0.330785	0.0
154.0	-0.190014	0.322954	0.0
156.0	-0.186443	0.315683	0.0
158.0	-0.181894	0.309700	0.0
160.0	-0.175837	0.305462	0.0
162.0	-0.166277	0.302774	0.0
164.0	-0.149996	0.300430	0.0
166.0	-0.129307	0.298609	0.0
168.0	-0.108069	0.297422	0.0
170.0	-0.088673	0.296968	0.0
172.0	-0.070568	0.296880	0.0
174.0	-0.052847	0.296880	0.0
176.0	-0.035115	0.296880	0.0
178.0	-0.017474	0.296880	0.0
180.0	-0.000429	0.296880	0.0