181 "Cl" "Cd" "Cm" (Re=1x10^7)
-180.0   -0.002894   0.031661   0.0
-178.0    0.060540   0.032204   0.0
-176.0    0.121803   0.033619   0.0
-174.0    0.182704   0.035914   0.0
-172.0    0.243606   0.039081   0.0
-170.0    0.304509   0.043106   0.0
-168.0    0.365413   0.049118   0.0
-166.0    0.426309   0.060554   0.0
-164.0    0.487210   0.083186   0.0
-162.0    0.548117   0.108910   0.0
-160.0    0.609010   0.137139   0.0
-158.0    0.669912   0.167751   0.0
-156.0    0.730818   0.200606   0.0
-154.0    0.791720   0.235550   0.0
-152.0    0.852618   0.272426   0.0
-150.0    0.913520   0.311071   0.0
-148.0    0.974421   0.351311   0.0
-146.0    0.935654   0.393708   0.0
-144.0    0.896887   0.436105   0.0
-142.0    0.862607   0.480383   0.0
-140.0    0.828672   0.524806   0.0
-138.0    0.796772   0.570176   0.0
-136.0    0.765212   0.615703   0.0
-134.0    0.734295   0.661356   0.0
-132.0    0.703555   0.707043   0.0
-130.0    0.672708   0.752168   0.0
-128.0    0.641818   0.797068   0.0
-126.0    0.610470   0.840863   0.0
-124.0    0.578867   0.884045   0.0
-122.0    0.546705   0.925734   0.0
-120.0    0.514123   0.966303   0.0
-118.0    0.481031   1.005147   0.0
-116.0    0.447429   1.042265   0.0
-114.0    0.413449   1.077575   0.0
-112.0    0.378965   1.110474   0.0
-110.0    0.344267   1.141625   0.0
-108.0    0.309183   1.169627   0.0
-106.0    0.274041   1.196065   0.0
-104.0    0.238752   1.218593   0.0
-102.0    0.203524   1.239850   0.0
-100.0    0.168519   1.256443   0.0
 -98.0    0.133635   1.272140   0.0
 -96.0    0.099472   1.282461   0.0
 -94.0    0.065414   1.292318   0.0
 -92.0    0.032707   1.296159   0.0
 -90.0    0.000000   1.300000   0.0
 -88.0   -0.032707   1.296159   0.0
 -86.0   -0.065414   1.292318   0.0
 -84.0   -0.099472   1.282461   0.0
 -82.0   -0.133635   1.272140   0.0
 -80.0   -0.168519   1.256443   0.0
 -78.0   -0.203524   1.239850   0.0
 -76.0   -0.238752   1.218593   0.0
 -74.0   -0.274041   1.196065   0.0
 -72.0   -0.309183   1.169627   0.0
 -70.0   -0.344267   1.141625   0.0
 -68.0   -0.378965   1.110474   0.0
 -66.0   -0.413449   1.077575   0.0
 -64.0   -0.447429   1.042265   0.0
 -62.0   -0.481031   1.005147   0.0
 -60.0   -0.514123   0.966303   0.0
 -58.0   -0.546705   0.925734   0.0
 -56.0   -0.578867   0.884045   0.0
 -54.0   -0.610470   0.840863   0.0
 -52.0   -0.641818   0.797068   0.0
 -50.0   -0.672708   0.752168   0.0
 -48.0   -0.703555   0.707043   0.0
 -46.0   -0.734295   0.661356   0.0
 -44.0   -0.765212   0.615703   0.0
 -42.0   -0.796772   0.570176   0.0
 -40.0   -0.828672   0.524806   0.0
 -38.0   -0.862607   0.480383   0.0
 -36.0   -0.896887   0.436105   0.0
 -34.0   -0.935654   0.393708   0.0
 -32.0   -0.974421   0.351311   0.0
 -30.0   -1.068748   0.278896   0.0
 -28.0   -1.163075   0.206482   0.0
 -26.0   -1.155998   0.178246   0.0
 -24.0   -1.148920   0.150009   0.0
 -22.0   -1.121713   0.128003   0.0
 -20.0   -1.094505   0.105996   0.0
 -18.0   -1.058015   0.087319   0.0
 -16.0   -1.022809   0.070510   0.0
 -14.0   -0.998100   0.054741   0.0
 -12.0   -0.985152   0.040516   0.0
 -10.0   -0.895832   0.029290   0.0
  -8.0   -0.675386   0.022067   0.0
  -6.0   -0.432471   0.017352   0.0
  -4.0   -0.158810   0.014727   0.0
  -2.0    0.134555   0.013624   0.0
   0.0    0.423864   0.013299   0.0
   2.0    0.704102   0.013450   0.0
   4.0    0.975002   0.013970   0.0
   6.0    1.236030   0.014862   0.0
   8.0    1.484240   0.016227   0.0
  10.0    1.710100   0.018408   0.0
  12.0    1.894730   0.022580   0.0
  14.0    1.985760   0.033802   0.0
  16.0    1.996170   0.053544   0.0
  18.0    1.963980   0.077060   0.0
  20.0    1.811790   0.111694   0.0
  22.0    1.686260   0.151361   0.0
  24.0    1.560730   0.191027   0.0
  26.0    1.514355   0.231510   0.0
  28.0    1.467980   0.271993   0.0
  30.0    1.430005   0.311652   0.0
  32.0    1.392030   0.351311   0.0
  34.0    1.336649   0.393708   0.0
  36.0    1.281268   0.436105   0.0
  38.0    1.232296   0.480383   0.0
  40.0    1.183817   0.524806   0.0
  42.0    1.138246   0.570176   0.0
  44.0    1.093160   0.615703   0.0
  46.0    1.048993   0.661356   0.0
  48.0    1.005078   0.707043   0.0
  50.0    0.961011   0.752168   0.0
  52.0    0.916883   0.797068   0.0
  54.0    0.872100   0.840863   0.0
  56.0    0.826953   0.884045   0.0
  58.0    0.781007   0.925734   0.0
  60.0    0.734461   0.966303   0.0
  62.0    0.687187   1.005147   0.0
  64.0    0.639184   1.042265   0.0
  66.0    0.590641   1.077575   0.0
  68.0    0.541379   1.110474   0.0
  70.0    0.491810   1.141625   0.0
  72.0    0.441690   1.169627   0.0
  74.0    0.391487   1.196065   0.0
  76.0    0.341075   1.218593   0.0
  78.0    0.290749   1.239850   0.0
  80.0    0.240742   1.256443   0.0
  82.0    0.190907   1.272140   0.0
  84.0    0.142103   1.282461   0.0
  86.0    0.093448   1.292318   0.0
  88.0    0.046724   1.296159   0.0
  90.0    0.000000   1.300000   0.0
  92.0   -0.032707   1.296159   0.0
  94.0   -0.065414   1.292318   0.0
  96.0   -0.099472   1.282461   0.0
  98.0   -0.133635   1.272140   0.0
 100.0   -0.168519   1.256443   0.0
 102.0   -0.203524   1.239850   0.0
 104.0   -0.238752   1.218593   0.0
 106.0   -0.274041   1.196065   0.0
 108.0   -0.309183   1.169627   0.0
 110.0   -0.344267   1.141625   0.0
 112.0   -0.378965   1.110474   0.0
 114.0   -0.413449   1.077575   0.0
 116.0   -0.447429   1.042265   0.0
 118.0   -0.481031   1.005147   0.0
 120.0   -0.514123   0.966303   0.0
 122.0   -0.546705   0.925734   0.0
 124.0   -0.578867   0.884045   0.0
 126.0   -0.610470   0.840863   0.0
 128.0   -0.641818   0.797068   0.0
 130.0   -0.672708   0.752168   0.0
 132.0   -0.703555   0.707043   0.0
 134.0   -0.734295   0.661356   0.0
 136.0   -0.765212   0.615703   0.0
 138.0   -0.796772   0.570176   0.0
 140.0   -0.828672   0.524806   0.0
 142.0   -0.862607   0.480383   0.0
 144.0   -0.896887   0.436105   0.0
 146.0   -0.935654   0.393708   0.0
 148.0   -0.974421   0.351311   0.0
 150.0   -0.913520   0.311071   0.0
 152.0   -0.852618   0.272426   0.0
 154.0   -0.791717   0.235548   0.0
 156.0   -0.730816   0.200605   0.0
 158.0   -0.669914   0.167752   0.0
 160.0   -0.609013   0.137140   0.0
 162.0   -0.548112   0.108908   0.0
 164.0   -0.487210   0.083186   0.0
 166.0   -0.426309   0.060554   0.0
 168.0   -0.365408   0.049118   0.0
 170.0   -0.304507   0.043106   0.0
 172.0   -0.243605   0.039081   0.0
 174.0   -0.182704   0.035914   0.0
 176.0   -0.121803   0.033619   0.0
 178.0   -0.060540   0.032204   0.0
 180.0    0.002894   0.031661   0.0