23 "WindSpeed [m/s]" "Pitch [deg]" "Rot. speed [rpm]" "Aero power [kW]" "Aero thrust [kN]"
 3.0  0.58064 1.84662 0.0 0.0
 4.0  0.33798 2.46216 0.0 0.0
 5.0  0.00915 3.07770 0.0 0.0
 6.0 -0.33797 3.69324 0.0 0.0
 7.0 -0.63879 4.30878 0.0 0.0
 8.0 -0.97996 4.92432 0.0 0.0
 9.0 -1.32680 5.53986 0.0 0.0
10.0  0.73192 6.15540 0.0 0.0
11.0  2.42859 6.77094 0.0 0.0
12.0  5.09471 7.06110 0.0 0.0
13.0  7.26585 7.06110 0.0 0.0
14.0  9.01413 7.06110 0.0 0.0
15.0 10.53731 7.06110 0.0 0.0
16.0 11.91818 7.06110 0.0 0.0
17.0 13.20451 7.06110 0.0 0.0
18.0 14.42148 7.06110 0.0 0.0
19.0 15.58471 7.06110 0.0 0.0
20.0 16.70423 7.06110 0.0 0.0
21.0 17.78860 7.06110 0.0 0.0
22.0 18.84311 7.06110 0.0 0.0
23.0 19.87209 7.06110 0.0 0.0
24.0 20.87848 7.06110 0.0 0.0
25.0 21.86473 7.06110 0.0 0.0