181 "Cl" "Cd" "Cm" (Re=1x10^7)
-180.0	0.000000	0.050000	0.0
-178.0	0.034527	0.050000	0.0
-176.0	0.069054	0.050000	0.0
-174.0	0.103581	0.050000	0.0
-172.0	0.138108	0.050000	0.0
-170.0	0.172635	0.050000	0.0
-168.0	0.207161	0.050000	0.0
-166.0	0.241688	0.052639	0.0
-164.0	0.276215	0.071110	0.0
-162.0	0.310742	0.096962	0.0
-160.0	0.345269	0.125338	0.0
-158.0	0.379796	0.156107	0.0
-156.0	0.414323	0.189131	0.0
-154.0	0.448850	0.224260	0.0
-152.0	0.483377	0.261336	0.0
-150.0	0.517904	0.300193	0.0
-148.0	0.552430	0.340658	0.0
-146.0	0.551412	0.383300	0.0
-144.0	0.550393	0.425943	0.0
-142.0	0.547485	0.470490	0.0
-140.0	0.544432	0.515184	0.0
-138.0	0.539002	0.560846	0.0
-136.0	0.533176	0.606669	0.0
-134.0	0.524825	0.652635	0.0
-132.0	0.515786	0.698640	0.0
-130.0	0.504294	0.744098	0.0
-128.0	0.491821	0.789337	0.0
-126.0	0.477111	0.833483	0.0
-124.0	0.461159	0.877023	0.0
-122.0	0.443274	0.919081	0.0
-120.0	0.423940	0.960026	0.0
-118.0	0.403025	0.999252	0.0
-116.0	0.380530	1.036761	0.0
-114.0	0.356820	1.072468	0.0
-112.0	0.331491	1.105771	0.0
-110.0	0.305298	1.137330	0.0
-108.0	0.277552	1.165747	0.0
-106.0	0.249257	1.192603	0.0
-104.0	0.219588	1.215556	0.0
-102.0	0.189627	1.237239	0.0
-100.0	0.158591	1.254263	0.0
-98.0	0.127447	1.270392	0.0
-96.0	0.095649	1.281149	0.0
-94.0	0.063843	1.291442	0.0
-92.0	0.031921	1.295721	0.0
-90.0	0.000000	1.300000	0.0
-88.0	-0.031921	1.295721	0.0
-86.0	-0.063843	1.291442	0.0
-84.0	-0.095649	1.281149	0.0
-82.0	-0.127447	1.270392	0.0
-80.0	-0.158591	1.254263	0.0
-78.0	-0.189627	1.237239	0.0
-76.0	-0.219588	1.215556	0.0
-74.0	-0.249257	1.192603	0.0
-72.0	-0.277552	1.165747	0.0
-70.0	-0.305298	1.137330	0.0
-68.0	-0.331491	1.105771	0.0
-66.0	-0.356820	1.072468	0.0
-64.0	-0.380530	1.036761	0.0
-62.0	-0.403025	0.999252	0.0
-60.0	-0.423940	0.960026	0.0
-58.0	-0.443274	0.919081	0.0
-56.0	-0.461159	0.877023	0.0
-54.0	-0.477111	0.833483	0.0
-52.0	-0.491821	0.789337	0.0
-50.0	-0.504294	0.744098	0.0
-48.0	-0.515786	0.698640	0.0
-46.0	-0.524825	0.652635	0.0
-44.0	-0.533176	0.606669	0.0
-42.0	-0.539002	0.560846	0.0
-40.0	-0.544432	0.515184	0.0
-38.0	-0.547485	0.470490	0.0
-36.0	-0.552733	0.423850	0.0
-34.0	-0.586516	0.351918	0.0
-32.0	-0.620299	0.279985	0.0
-30.0	-0.633204	0.251341	0.0
-28.0	-0.646109	0.222696	0.0
-26.0	-0.639460	0.197583	0.0
-24.0	-0.632811	0.172469	0.0
-22.0	-0.604159	0.152077	0.0
-20.0	-0.575507	0.131684	0.0
-18.0	-0.532007	0.114345	0.0
-16.0	-0.475688	0.098713	0.0
-14.0	-0.411758	0.084656	0.0
-12.0	-0.342957	0.072035	0.0
-10.0	-0.274775	0.060601	0.0
-8.0	-0.213432	0.050183	0.0
-6.0	-0.172460	0.040542	0.0
-4.0	-0.178257	0.031118	0.0
-2.0	-0.015981	0.027789	0.0
0.0	0.217237	0.028020	0.0
2.0	0.433546	0.029800	0.0
4.0	0.617450	0.033162	0.0
6.0	0.767237	0.038408	0.0
8.0	0.884874	0.045974	0.0
10.0	0.964191	0.056719	0.0
12.0	1.000082	0.071676	0.0
14.0	0.996677	0.091494	0.0
16.0	0.979191	0.114894	0.0
18.0	0.955501	0.141193	0.0
20.0	0.930695	0.169543	0.0
22.0	0.906314	0.199804	0.0
24.0	0.881932	0.230064	0.0
26.0	0.861473	0.260320	0.0
28.0	0.841013	0.290575	0.0
30.0	0.815100	0.315616	0.0
32.0	0.789186	0.340658	0.0
34.0	0.787731	0.383300	0.0
36.0	0.786275	0.425943	0.0
38.0	0.782122	0.470490	0.0
40.0	0.777761	0.515184	0.0
42.0	0.770003	0.560846	0.0
44.0	0.761680	0.606669	0.0
46.0	0.749751	0.652635	0.0
48.0	0.736837	0.698640	0.0
50.0	0.720420	0.744098	0.0
52.0	0.702602	0.789337	0.0
54.0	0.681588	0.833483	0.0
56.0	0.658798	0.877023	0.0
58.0	0.633248	0.919081	0.0
60.0	0.605628	0.960026	0.0
62.0	0.575750	0.999252	0.0
64.0	0.543614	1.036761	0.0
66.0	0.509743	1.072468	0.0
68.0	0.473558	1.105771	0.0
70.0	0.436141	1.137330	0.0
72.0	0.396504	1.165747	0.0
74.0	0.356082	1.192603	0.0
76.0	0.313698	1.215556	0.0
78.0	0.270895	1.237239	0.0
80.0	0.226559	1.254263	0.0
82.0	0.182067	1.270392	0.0
84.0	0.136642	1.281149	0.0
86.0	0.091204	1.291442	0.0
88.0	0.045602	1.295721	0.0
90.0	0.000000	1.300000	0.0
92.0	-0.031921	1.295721	0.0
94.0	-0.063843	1.291442	0.0
96.0	-0.095649	1.281149	0.0
98.0	-0.127447	1.270392	0.0
100.0	-0.158591	1.254263	0.0
102.0	-0.189627	1.237239	0.0
104.0	-0.219588	1.215556	0.0
106.0	-0.249257	1.192603	0.0
108.0	-0.277552	1.165747	0.0
110.0	-0.305298	1.137330	0.0
112.0	-0.331491	1.105771	0.0
114.0	-0.356820	1.072468	0.0
116.0	-0.380530	1.036761	0.0
118.0	-0.403025	0.999252	0.0
120.0	-0.423940	0.960026	0.0
122.0	-0.443274	0.919081	0.0
124.0	-0.461159	0.877023	0.0
126.0	-0.477111	0.833483	0.0
128.0	-0.491821	0.789337	0.0
130.0	-0.504294	0.744098	0.0
132.0	-0.515786	0.698640	0.0
134.0	-0.524825	0.652635	0.0
136.0	-0.533176	0.606669	0.0
138.0	-0.539002	0.560846	0.0
140.0	-0.544432	0.515184	0.0
142.0	-0.547485	0.470490	0.0
144.0	-0.550393	0.425943	0.0
146.0	-0.551412	0.383300	0.0
148.0	-0.552430	0.340658	0.0
150.0	-0.517904	0.300193	0.0
152.0	-0.483377	0.261336	0.0
154.0	-0.448850	0.224260	0.0
156.0	-0.414323	0.189131	0.0
158.0	-0.379796	0.156107	0.0
160.0	-0.345269	0.125338	0.0
162.0	-0.310742	0.096962	0.0
164.0	-0.276215	0.071110	0.0
166.0	-0.241688	0.052639	0.0
168.0	-0.207161	0.050000	0.0
170.0	-0.172635	0.050000	0.0
172.0	-0.138108	0.050000	0.0
174.0	-0.103581	0.050000	0.0
176.0	-0.069054	0.050000	0.0
178.0	-0.034527	0.050000	0.0
180.0	0.000000	0.050000	0.0